function [colorMap] = generateColorMap()
    colorMap = [0 0 1; 0 1 0; 1 0 0; 0 1 1; 1 0 1; 1 1 0; 1 0.5 0; 0.6 0.3 0.3; 0.2 0.7 0.5; 1 1 1];
end